13
6
7
7
6
11
10
12
7
10
10
12
5
13
11
11
12
3
10
3
8
10
10
12
11
5
2
12
5
10
2
13
13
8
10
3
9
4
4
6
11
13
8
11
5
7
2
10
2
9
3
8
6
9
3
10
4
4
10
10
5
5
5
4
12
11
11
8
12
11
9
6
2
2
2
10
3
11
7
9
12
12
6
7
4
2
3
2
2
2
7
7
4
13
9
8
11
7
11
10
8
8
6
12
6
11
4
8
5
3
13
4
2
7
7
11
4
13
11
9
6
10
9
8
6
8
3
12
6
11
9
6
13
2
6
12
12
5
3
12
13
7
8
7
7
6
7
8
4
13
6
5
8
9
3
7
7
6
6
4
8
12
9
2
2
10
6
3
11
2
6
12
4
3
12
2
5
6
10
9
9
10
12
11
8
2
5
9
2
9
2
4
3
10
11
7
9
11
4
3
13
10
9
11
10
9
10
13
2
11
2
